[(array([[ 0.020983,  0.020983],
       [ 0.000541,  0.000541],
       [ 0.106916,  0.106916]]), 2777, 2805), (array([[ 0.020983,  0.020983],
       [ 0.000541,  0.000541],
       [ 0.106916,  0.106916]]), 2777, 2806), (array([[ 0.020983,  0.020983],
       [ 0.000541,  0.000541],
       [ 0.106916,  0.106916]]), 2777, 2807), (array([[ 0.020983,  0.020983],
       [ 0.000541,  0.000541],
       [ 0.106916,  0.106916]]), 2805, 2858), (array([[ 0.020983,  0.020983],
       [ 0.000541,  0.000541],
       [ 0.106916,  0.106916]]), 2805, 2859), (array([[ 0.020983,  0.020983],
       [ 0.000541,  0.000541],
       [ 0.106916,  0.106916]]), 2805, 2861), (array([[ 0.020983,  0.020983],
       [ 0.000541,  0.000541],
       [ 0.106916,  0.106916]]), 2805, 2862), (array([[ 0.020983,  0.020983],
       [ 0.000541,  0.000541],
       [ 0.106916,  0.106916]]), 2805, 2863), (array([[ 0.020983,  0.020983],
       [ 0.000541,  0.000541],
       [ 0.106916,  0.106916]]), 2805, 2864), (array([[ 0.020983,  0.020983],
       [ 0.000541,  0.000541],
       [ 0.106916,  0.106916]]), 2805, 3425), (array([[ 0.020983,  0.020983],
       [ 0.000541,  0.000541],
       [ 0.106916,  0.106916]]), 2805, 3427), (array([[ 0.020983,  0.020983],
       [ 0.000541,  0.000541],
       [ 0.106916,  0.106916]]), 2805, 3430), (array([[ 0.020983,  0.020983],
       [ 0.000541,  0.000541],
       [ 0.106916,  0.106916]]), 2806, 2858), (array([[ 0.020983,  0.020983],
       [ 0.000541,  0.000541],
       [ 0.106916,  0.106916]]), 2806, 2859), (array([[ 0.020983,  0.020983],
       [ 0.000541,  0.000541],
       [ 0.106916,  0.106916]]), 2806, 2861), (array([[ 0.020983,  0.020983],
       [ 0.000541,  0.000541],
       [ 0.106916,  0.106916]]), 2806, 2862), (array([[ 0.020983,  0.020983],
       [ 0.000541,  0.000541],
       [ 0.106916,  0.106916]]), 2806, 2863), (array([[ 0.020983,  0.020983],
       [ 0.000541,  0.000541],
       [ 0.106916,  0.106916]]), 2806, 2864), (array([[ 0.020983,  0.020983],
       [ 0.000541,  0.000541],
       [ 0.106916,  0.106916]]), 2806, 3378), (array([[ 0.020983,  0.020983],
       [ 0.000541,  0.000541],
       [ 0.106916,  0.106916]]), 2806, 3425), (array([[ 0.020983,  0.020983],
       [ 0.000541,  0.000541],
       [ 0.106916,  0.106916]]), 2806, 3426), (array([[ 0.020983,  0.020983],
       [ 0.000541,  0.000541],
       [ 0.106916,  0.106916]]), 2806, 3427), (array([[ 0.020983,  0.020983],
       [ 0.000541,  0.000541],
       [ 0.106916,  0.106916]]), 2806, 3430), (array([[ 0.020983,  0.020983],
       [ 0.000541,  0.000541],
       [ 0.106916,  0.106916]]), 2807, 2858), (array([[ 0.020983,  0.020983],
       [ 0.000541,  0.000541],
       [ 0.106916,  0.106916]]), 2807, 2859), (array([[ 0.020983,  0.020983],
       [ 0.000541,  0.000541],
       [ 0.106916,  0.106916]]), 2807, 2861), (array([[ 0.020983,  0.020983],
       [ 0.000541,  0.000541],
       [ 0.106916,  0.106916]]), 2807, 2862), (array([[ 0.020983,  0.020983],
       [ 0.000541,  0.000541],
       [ 0.106916,  0.106916]]), 2807, 2863), (array([[ 0.020983,  0.020983],
       [ 0.000541,  0.000541],
       [ 0.106916,  0.106916]]), 2807, 2864), (array([[ 0.020983,  0.020983],
       [ 0.000541,  0.000541],
       [ 0.106916,  0.106916]]), 2807, 2876), (array([[ 0.020983,  0.020983],
       [ 0.000541,  0.000541],
       [ 0.106916,  0.106916]]), 2807, 2886), (array([[ 0.020983,  0.020983],
       [ 0.000541,  0.000541],
       [ 0.106916,  0.106916]]), 2807, 2887), (array([[ 0.020983,  0.020983],
       [ 0.000541,  0.000541],
       [ 0.106916,  0.106916]]), 2807, 2889), (array([[ 0.020983,  0.020983],
       [ 0.000541,  0.000541],
       [ 0.106916,  0.106916]]), 2807, 3378), (array([[ 0.020983,  0.020983],
       [ 0.000541,  0.000541],
       [ 0.106916,  0.106916]]), 2807, 3425), (array([[ 0.020983,  0.020983],
       [ 0.000541,  0.000541],
       [ 0.106916,  0.106916]]), 2807, 3426), (array([[ 0.020983,  0.020983],
       [ 0.000541,  0.000541],
       [ 0.106916,  0.106916]]), 2807, 3427), (array([[ 0.020983,  0.020983],
       [ 0.000541,  0.000541],
       [ 0.106916,  0.106916]]), 2807, 3430), (array([[ 0.020983,  0.020983],
       [ 0.000541,  0.000541],
       [ 0.106916,  0.106916]]), 2807, 3432), (array([[ 0.020983,  0.020983],
       [ 0.000541,  0.000541],
       [ 0.106916,  0.106916]]), 2807, 3433), (array([[ 0.020983,  0.020983],
       [ 0.000541,  0.000541],
       [ 0.106916,  0.106916]]), 2807, 3439), (array([[ 0.020983,  0.020983],
       [ 0.000541,  0.000541],
       [ 0.106916,  0.106916]]), 2807, 3462), (array([[ 0.020983,  0.020983],
       [ 0.000541,  0.000541],
       [ 0.106916,  0.106916]]), 2807, 3463), (array([[ 0.020983,  0.020983],
       [ 0.000541,  0.000541],
       [ 0.106916,  0.106916]]), 2807, 3464), (array([[ 0.020983,  0.020983],
       [ 0.000541,  0.000541],
       [ 0.106916,  0.106916]]), 2807, 3467), (array([[ 0.020983,  0.020983],
       [ 0.000541,  0.000541],
       [ 0.106916,  0.106916]]), 2807, 3472), (array([[ 0.020983,  0.020983],
       [ 0.000541,  0.000541],
       [ 0.106916,  0.106916]]), 2820, 2858), (array([[ 0.020983,  0.020983],
       [ 0.000541,  0.000541],
       [ 0.106916,  0.106916]]), 2820, 2859), (array([[ 0.020983,  0.020983],
       [ 0.000541,  0.000541],
       [ 0.106916,  0.106916]]), 2820, 2861), (array([[ 0.020983,  0.020983],
       [ 0.000541,  0.000541],
       [ 0.106916,  0.106916]]), 2820, 2862), (array([[ 0.020983,  0.020983],
       [ 0.000541,  0.000541],
       [ 0.106916,  0.106916]]), 2820, 2863), (array([[ 0.020983,  0.020983],
       [ 0.000541,  0.000541],
       [ 0.106916,  0.106916]]), 2820, 2864), (array([[ 0.020983,  0.020983],
       [ 0.000541,  0.000541],
       [ 0.106916,  0.106916]]), 2820, 2876), (array([[ 0.020983,  0.020983],
       [ 0.000541,  0.000541],
       [ 0.106916,  0.106916]]), 2820, 2886), (array([[ 0.020983,  0.020983],
       [ 0.000541,  0.000541],
       [ 0.106916,  0.106916]]), 2820, 2887), (array([[ 0.020983,  0.020983],
       [ 0.000541,  0.000541],
       [ 0.106916,  0.106916]]), 2820, 2889), (array([[ 0.020983,  0.020983],
       [ 0.000541,  0.000541],
       [ 0.106916,  0.106916]]), 2820, 3425), (array([[ 0.020983,  0.020983],
       [ 0.000541,  0.000541],
       [ 0.106916,  0.106916]]), 2820, 3427), (array([[ 0.020983,  0.020983],
       [ 0.000541,  0.000541],
       [ 0.106916,  0.106916]]), 2820, 3430), (array([[ 0.020983,  0.020983],
       [ 0.000541,  0.000541],
       [ 0.106916,  0.106916]]), 2820, 3432), (array([[ 0.020983,  0.020983],
       [ 0.000541,  0.000541],
       [ 0.106916,  0.106916]]), 2820, 3433), (array([[ 0.020983,  0.020983],
       [ 0.000541,  0.000541],
       [ 0.106916,  0.106916]]), 2820, 3439), (array([[ 0.020983,  0.020983],
       [ 0.000541,  0.000541],
       [ 0.106916,  0.106916]]), 2820, 3462), (array([[ 0.020983,  0.020983],
       [ 0.000541,  0.000541],
       [ 0.106916,  0.106916]]), 2820, 3463), (array([[ 0.020983,  0.020983],
       [ 0.000541,  0.000541],
       [ 0.106916,  0.106916]]), 2820, 3467), (array([[ 0.020983,  0.020983],
       [ 0.000541,  0.000541],
       [ 0.106916,  0.106916]]), 2820, 3472), (array([[ 0.020983,  0.020983],
       [ 0.000541,  0.000541],
       [ 0.106916,  0.106916]]), 2820, 3474), (array([[ 0.020983,  0.020983],
       [ 0.000541,  0.000541],
       [ 0.106916,  0.106916]]), 2823, 2858), (array([[ 0.020983,  0.020983],
       [ 0.000541,  0.000541],
       [ 0.106916,  0.106916]]), 2823, 2859), (array([[ 0.020983,  0.020983],
       [ 0.000541,  0.000541],
       [ 0.106916,  0.106916]]), 2823, 2861), (array([[ 0.020983,  0.020983],
       [ 0.000541,  0.000541],
       [ 0.106916,  0.106916]]), 2823, 2862), (array([[ 0.020983,  0.020983],
       [ 0.000541,  0.000541],
       [ 0.106916,  0.106916]]), 2823, 2863), (array([[ 0.020983,  0.020983],
       [ 0.000541,  0.000541],
       [ 0.106916,  0.106916]]), 2823, 2864), (array([[ 0.020983,  0.020983],
       [ 0.000541,  0.000541],
       [ 0.106916,  0.106916]]), 2823, 2876), (array([[ 0.020983,  0.020983],
       [ 0.000541,  0.000541],
       [ 0.106916,  0.106916]]), 2823, 2886), (array([[ 0.020983,  0.020983],
       [ 0.000541,  0.000541],
       [ 0.106916,  0.106916]]), 2823, 2887), (array([[ 0.020983,  0.020983],
       [ 0.000541,  0.000541],
       [ 0.106916,  0.106916]]), 2823, 2889), (array([[ 0.020983,  0.020983],
       [ 0.000541,  0.000541],
       [ 0.106916,  0.106916]]), 2823, 2892), (array([[ 0.020983,  0.020983],
       [ 0.000541,  0.000541],
       [ 0.106916,  0.106916]]), 2823, 3425), (array([[ 0.020983,  0.020983],
       [ 0.000541,  0.000541],
       [ 0.106916,  0.106916]]), 2823, 3427), (array([[ 0.020983,  0.020983],
       [ 0.000541,  0.000541],
       [ 0.106916,  0.106916]]), 2823, 3430), (array([[ 0.020983,  0.020983],
       [ 0.000541,  0.000541],
       [ 0.106916,  0.106916]]), 2823, 3432), (array([[ 0.020983,  0.020983],
       [ 0.000541,  0.000541],
       [ 0.106916,  0.106916]]), 2823, 3433), (array([[ 0.020983,  0.020983],
       [ 0.000541,  0.000541],
       [ 0.106916,  0.106916]]), 2823, 3439), (array([[ 0.020983,  0.020983],
       [ 0.000541,  0.000541],
       [ 0.106916,  0.106916]]), 2823, 3462), (array([[ 0.020983,  0.020983],
       [ 0.000541,  0.000541],
       [ 0.106916,  0.106916]]), 2823, 3463), (array([[ 0.020983,  0.020983],
       [ 0.000541,  0.000541],
       [ 0.106916,  0.106916]]), 2823, 3467), (array([[ 0.020983,  0.020983],
       [ 0.000541,  0.000541],
       [ 0.106916,  0.106916]]), 2823, 3472), (array([[ 0.020983,  0.020983],
       [ 0.000541,  0.000541],
       [ 0.106916,  0.106916]]), 2823, 3474), (array([[ 0.020983,  0.020983],
       [ 0.000541,  0.000541],
       [ 0.106916,  0.106916]]), 2825, 2858), (array([[ 0.020983,  0.020983],
       [ 0.000541,  0.000541],
       [ 0.106916,  0.106916]]), 2825, 2859), (array([[ 0.020983,  0.020983],
       [ 0.000541,  0.000541],
       [ 0.106916,  0.106916]]), 2825, 2862), (array([[ 0.020983,  0.020983],
       [ 0.000541,  0.000541],
       [ 0.106916,  0.106916]]), 2825, 2863), (array([[ 0.020983,  0.020983],
       [ 0.000541,  0.000541],
       [ 0.106916,  0.106916]]), 2825, 2864), (array([[ 0.020983,  0.020983],
       [ 0.000541,  0.000541],
       [ 0.106916,  0.106916]]), 2825, 2876), (array([[ 0.020983,  0.020983],
       [ 0.000541,  0.000541],
       [ 0.106916,  0.106916]]), 2825, 2886), (array([[ 0.020983,  0.020983],
       [ 0.000541,  0.000541],
       [ 0.106916,  0.106916]]), 2825, 2887), (array([[ 0.020983,  0.020983],
       [ 0.000541,  0.000541],
       [ 0.106916,  0.106916]]), 2825, 2889), (array([[ 0.020983,  0.020983],
       [ 0.000541,  0.000541],
       [ 0.106916,  0.106916]]), 2825, 2892), (array([[ 0.020983,  0.020983],
       [ 0.000541,  0.000541],
       [ 0.106916,  0.106916]]), 2825, 3425), (array([[ 0.020983,  0.020983],
       [ 0.000541,  0.000541],
       [ 0.106916,  0.106916]]), 2825, 3427), (array([[ 0.020983,  0.020983],
       [ 0.000541,  0.000541],
       [ 0.106916,  0.106916]]), 2825, 3430), (array([[ 0.020983,  0.020983],
       [ 0.000541,  0.000541],
       [ 0.106916,  0.106916]]), 2825, 3432), (array([[ 0.020983,  0.020983],
       [ 0.000541,  0.000541],
       [ 0.106916,  0.106916]]), 2825, 3433), (array([[ 0.020983,  0.020983],
       [ 0.000541,  0.000541],
       [ 0.106916,  0.106916]]), 2825, 3439), (array([[ 0.020983,  0.020983],
       [ 0.000541,  0.000541],
       [ 0.106916,  0.106916]]), 2825, 3462), (array([[ 0.020983,  0.020983],
       [ 0.000541,  0.000541],
       [ 0.106916,  0.106916]]), 2825, 3463), (array([[ 0.020983,  0.020983],
       [ 0.000541,  0.000541],
       [ 0.106916,  0.106916]]), 2825, 3467), (array([[ 0.020983,  0.020983],
       [ 0.000541,  0.000541],
       [ 0.106916,  0.106916]]), 2825, 3472), (array([[ 0.020983,  0.020983],
       [ 0.000541,  0.000541],
       [ 0.106916,  0.106916]]), 2825, 3473), (array([[ 0.020983,  0.020983],
       [ 0.000541,  0.000541],
       [ 0.106916,  0.106916]]), 2825, 3474), (array([[ 0.020983,  0.020983],
       [ 0.000541,  0.000541],
       [ 0.106916,  0.106916]]), 2840, 2859), (array([[ 0.020983,  0.020983],
       [ 0.000541,  0.000541],
       [ 0.106916,  0.106916]]), 2840, 2862), (array([[ 0.020983,  0.020983],
       [ 0.000541,  0.000541],
       [ 0.106916,  0.106916]]), 2840, 2863), (array([[ 0.020983,  0.020983],
       [ 0.000541,  0.000541],
       [ 0.106916,  0.106916]]), 2840, 2864), (array([[ 0.020983,  0.020983],
       [ 0.000541,  0.000541],
       [ 0.106916,  0.106916]]), 2840, 2875), (array([[ 0.020983,  0.020983],
       [ 0.000541,  0.000541],
       [ 0.106916,  0.106916]]), 2840, 2876), (array([[ 0.020983,  0.020983],
       [ 0.000541,  0.000541],
       [ 0.106916,  0.106916]]), 2840, 2886), (array([[ 0.020983,  0.020983],
       [ 0.000541,  0.000541],
       [ 0.106916,  0.106916]]), 2840, 2887), (array([[ 0.020983,  0.020983],
       [ 0.000541,  0.000541],
       [ 0.106916,  0.106916]]), 2840, 2889), (array([[ 0.020983,  0.020983],
       [ 0.000541,  0.000541],
       [ 0.106916,  0.106916]]), 2840, 2892), (array([[ 0.020983,  0.020983],
       [ 0.000541,  0.000541],
       [ 0.106916,  0.106916]]), 2840, 2923), (array([[ 0.020983,  0.020983],
       [ 0.000541,  0.000541],
       [ 0.106916,  0.106916]]), 2840, 3425), (array([[ 0.020983,  0.020983],
       [ 0.000541,  0.000541],
       [ 0.106916,  0.106916]]), 2840, 3427), (array([[ 0.020983,  0.020983],
       [ 0.000541,  0.000541],
       [ 0.106916,  0.106916]]), 2840, 3430), (array([[ 0.020983,  0.020983],
       [ 0.000541,  0.000541],
       [ 0.106916,  0.106916]]), 2840, 3432), (array([[ 0.020983,  0.020983],
       [ 0.000541,  0.000541],
       [ 0.106916,  0.106916]]), 2840, 3433), (array([[ 0.020983,  0.020983],
       [ 0.000541,  0.000541],
       [ 0.106916,  0.106916]]), 2840, 3439), (array([[ 0.020983,  0.020983],
       [ 0.000541,  0.000541],
       [ 0.106916,  0.106916]]), 2840, 3462), (array([[ 0.020983,  0.020983],
       [ 0.000541,  0.000541],
       [ 0.106916,  0.106916]]), 2840, 3463), (array([[ 0.020983,  0.020983],
       [ 0.000541,  0.000541],
       [ 0.106916,  0.106916]]), 2840, 3472), (array([[ 0.020983,  0.020983],
       [ 0.000541,  0.000541],
       [ 0.106916,  0.106916]]), 2840, 3473), (array([[ 0.020983,  0.020983],
       [ 0.000541,  0.000541],
       [ 0.106916,  0.106916]]), 2840, 3474), (array([[ 0.020983,  0.020983],
       [ 0.000541,  0.000541],
       [ 0.106916,  0.106916]]), 2862, 2903), (array([[ 0.020983,  0.020983],
       [ 0.000541,  0.000541],
       [ 0.106916,  0.106916]]), 2862, 2906), (array([[ 0.020983,  0.020983],
       [ 0.000541,  0.000541],
       [ 0.106916,  0.106916]]), 2863, 2903), (array([[ 0.020983,  0.020983],
       [ 0.000541,  0.000541],
       [ 0.106916,  0.106916]]), 2863, 2906), (array([[ 0.020983,  0.020983],
       [ 0.000541,  0.000541],
       [ 0.106916,  0.106916]]), 2863, 2908), (array([[ 0.020983,  0.020983],
       [ 0.000541,  0.000541],
       [ 0.106916,  0.106916]]), 2864, 2903), (array([[ 0.020983,  0.020983],
       [ 0.000541,  0.000541],
       [ 0.106916,  0.106916]]), 2864, 2906), (array([[ 0.020983,  0.020983],
       [ 0.000541,  0.000541],
       [ 0.106916,  0.106916]]), 2864, 2908), (array([[ 0.020983,  0.020983],
       [ 0.000541,  0.000541],
       [ 0.106916,  0.106916]]), 2864, 2915), (array([[ 0.020983,  0.020983],
       [ 0.000541,  0.000541],
       [ 0.106916,  0.106916]]), 2864, 2918), (array([[ 0.020983,  0.020983],
       [ 0.000541,  0.000541],
       [ 0.106916,  0.106916]]), 2875, 2902), (array([[ 0.020983,  0.020983],
       [ 0.000541,  0.000541],
       [ 0.106916,  0.106916]]), 2875, 2903), (array([[ 0.020983,  0.020983],
       [ 0.000541,  0.000541],
       [ 0.106916,  0.106916]]), 2875, 2904), (array([[ 0.020983,  0.020983],
       [ 0.000541,  0.000541],
       [ 0.106916,  0.106916]]), 2875, 2905), (array([[ 0.020983,  0.020983],
       [ 0.000541,  0.000541],
       [ 0.106916,  0.106916]]), 2875, 2907), (array([[ 0.020983,  0.020983],
       [ 0.000541,  0.000541],
       [ 0.106916,  0.106916]]), 2875, 2914), (array([[ 0.020983,  0.020983],
       [ 0.000541,  0.000541],
       [ 0.106916,  0.106916]]), 2876, 2903), (array([[ 0.020983,  0.020983],
       [ 0.000541,  0.000541],
       [ 0.106916,  0.106916]]), 2876, 2906), (array([[ 0.020983,  0.020983],
       [ 0.000541,  0.000541],
       [ 0.106916,  0.106916]]), 2876, 2908), (array([[ 0.020983,  0.020983],
       [ 0.000541,  0.000541],
       [ 0.106916,  0.106916]]), 2876, 2915), (array([[ 0.020983,  0.020983],
       [ 0.000541,  0.000541],
       [ 0.106916,  0.106916]]), 2876, 2918), (array([[ 0.020983,  0.020983],
       [ 0.000541,  0.000541],
       [ 0.106916,  0.106916]]), 2876, 2920), (array([[ 0.020983,  0.020983],
       [ 0.000541,  0.000541],
       [ 0.106916,  0.106916]]), 2876, 3084), (array([[ 0.020983,  0.020983],
       [ 0.000541,  0.000541],
       [ 0.106916,  0.106916]]), 2886, 2903), (array([[ 0.020983,  0.020983],
       [ 0.000541,  0.000541],
       [ 0.106916,  0.106916]]), 2886, 2904), (array([[ 0.020983,  0.020983],
       [ 0.000541,  0.000541],
       [ 0.106916,  0.106916]]), 2886, 2905), (array([[ 0.020983,  0.020983],
       [ 0.000541,  0.000541],
       [ 0.106916,  0.106916]]), 2887, 2903), (array([[ 0.020983,  0.020983],
       [ 0.000541,  0.000541],
       [ 0.106916,  0.106916]]), 2887, 2906), (array([[ 0.020983,  0.020983],
       [ 0.000541,  0.000541],
       [ 0.106916,  0.106916]]), 2887, 2908), (array([[ 0.020983,  0.020983],
       [ 0.000541,  0.000541],
       [ 0.106916,  0.106916]]), 2887, 2915), (array([[ 0.020983,  0.020983],
       [ 0.000541,  0.000541],
       [ 0.106916,  0.106916]]), 2887, 2918), (array([[ 0.020983,  0.020983],
       [ 0.000541,  0.000541],
       [ 0.106916,  0.106916]]), 2889, 2903), (array([[ 0.020983,  0.020983],
       [ 0.000541,  0.000541],
       [ 0.106916,  0.106916]]), 2889, 2906), (array([[ 0.020983,  0.020983],
       [ 0.000541,  0.000541],
       [ 0.106916,  0.106916]]), 2892, 2903), (array([[ 0.020983,  0.020983],
       [ 0.000541,  0.000541],
       [ 0.106916,  0.106916]]), 2892, 2906), (array([[ 0.020983,  0.020983],
       [ 0.000541,  0.000541],
       [ 0.106916,  0.106916]]), 2903, 2923), (array([[ 0.020983,  0.020983],
       [ 0.000541,  0.000541],
       [ 0.106916,  0.106916]]), 2903, 3427), (array([[ 0.020983,  0.020983],
       [ 0.000541,  0.000541],
       [ 0.106916,  0.106916]]), 2903, 3430), (array([[ 0.020983,  0.020983],
       [ 0.000541,  0.000541],
       [ 0.106916,  0.106916]]), 2903, 3432), (array([[ 0.020983,  0.020983],
       [ 0.000541,  0.000541],
       [ 0.106916,  0.106916]]), 2903, 3433), (array([[ 0.020983,  0.020983],
       [ 0.000541,  0.000541],
       [ 0.106916,  0.106916]]), 2903, 3439), (array([[ 0.020983,  0.020983],
       [ 0.000541,  0.000541],
       [ 0.106916,  0.106916]]), 2903, 3462), (array([[ 0.020983,  0.020983],
       [ 0.000541,  0.000541],
       [ 0.106916,  0.106916]]), 2903, 3463), (array([[ 0.020983,  0.020983],
       [ 0.000541,  0.000541],
       [ 0.106916,  0.106916]]), 2903, 3472), (array([[ 0.020983,  0.020983],
       [ 0.000541,  0.000541],
       [ 0.106916,  0.106916]]), 2903, 3473), (array([[ 0.020983,  0.020983],
       [ 0.000541,  0.000541],
       [ 0.106916,  0.106916]]), 2903, 3474), (array([[ 0.020983,  0.020983],
       [ 0.000541,  0.000541],
       [ 0.106916,  0.106916]]), 2903, 3519), (array([[ 0.020983,  0.020983],
       [ 0.000541,  0.000541],
       [ 0.106916,  0.106916]]), 2906, 2923), (array([[ 0.020983,  0.020983],
       [ 0.000541,  0.000541],
       [ 0.106916,  0.106916]]), 2906, 2926), (array([[ 0.020983,  0.020983],
       [ 0.000541,  0.000541],
       [ 0.106916,  0.106916]]), 2906, 3427), (array([[ 0.020983,  0.020983],
       [ 0.000541,  0.000541],
       [ 0.106916,  0.106916]]), 2906, 3430), (array([[ 0.020983,  0.020983],
       [ 0.000541,  0.000541],
       [ 0.106916,  0.106916]]), 2906, 3433), (array([[ 0.020983,  0.020983],
       [ 0.000541,  0.000541],
       [ 0.106916,  0.106916]]), 2906, 3439), (array([[ 0.020983,  0.020983],
       [ 0.000541,  0.000541],
       [ 0.106916,  0.106916]]), 2906, 3462), (array([[ 0.020983,  0.020983],
       [ 0.000541,  0.000541],
       [ 0.106916,  0.106916]]), 2906, 3463), (array([[ 0.020983,  0.020983],
       [ 0.000541,  0.000541],
       [ 0.106916,  0.106916]]), 2906, 3473), (array([[ 0.020983,  0.020983],
       [ 0.000541,  0.000541],
       [ 0.106916,  0.106916]]), 2906, 3519), (array([[ 0.020983,  0.020983],
       [ 0.000541,  0.000541],
       [ 0.106916,  0.106916]]), 2908, 2923), (array([[ 0.020983,  0.020983],
       [ 0.000541,  0.000541],
       [ 0.106916,  0.106916]]), 2908, 2926), (array([[ 0.020983,  0.020983],
       [ 0.000541,  0.000541],
       [ 0.106916,  0.106916]]), 2908, 3430), (array([[ 0.020983,  0.020983],
       [ 0.000541,  0.000541],
       [ 0.106916,  0.106916]]), 2908, 3433), (array([[ 0.020983,  0.020983],
       [ 0.000541,  0.000541],
       [ 0.106916,  0.106916]]), 2908, 3439), (array([[ 0.020983,  0.020983],
       [ 0.000541,  0.000541],
       [ 0.106916,  0.106916]]), 2908, 3519), (array([[ 0.020983,  0.020983],
       [ 0.000541,  0.000541],
       [ 0.106916,  0.106916]]), 2908, 3521), (array([[ 0.020983,  0.020983],
       [ 0.000541,  0.000541],
       [ 0.106916,  0.106916]]), 2915, 2926), (array([[ 0.020983,  0.020983],
       [ 0.000541,  0.000541],
       [ 0.106916,  0.106916]]), 2915, 3521), (array([[ 0.020983,  0.020983],
       [ 0.000541,  0.000541],
       [ 0.106916,  0.106916]]), 2918, 2926), (array([[ 0.020983,  0.020983],
       [ 0.000541,  0.000541],
       [ 0.106916,  0.106916]]), 2918, 3521), (array([[ 0.020983,  0.020983],
       [ 0.000541,  0.000541],
       [ 0.106916,  0.106916]]), 2920, 2937)]
