(-0.4759290873407649, -0.8202382341168852, 0.12089980077405649)
(-0.47591491421404863, -0.8202100193705254, 0.12104881416404467)
(-0.4753586918918342, -0.8205441695757857, 0.12360077056992957)
(-0.47677053530077096, -0.8197297021040104, 0.11844795729317248)
(-0.4770844281310884, -0.8195212478658904, 0.11727749596896886)
(-0.47721015447218207, -0.8190568991331573, 0.1164494785406529)
(-0.47591360987622466, -0.8201109329402382, 0.11843602862859637)
(-0.47591360987622466, -0.8201109329402382, 0.11843602862859637)
(-0.4764554483662682, -0.8194648983836412, 0.11783871536678947)
(-0.47559058413379685, -0.8200037741462336, 0.12007495000748203)
(-0.47461064596746927, -0.8209186223938516, 0.12162874071117402)
(-0.4772464919151034, -0.818858427386257, 0.11606592129040272)
(-0.4769920097811158, -0.8193403320174173, 0.11664118112694366)
(-0.47574948636982706, -0.8202315114215248, 0.12043969359575946)
(-0.4776413678425868, -0.819206534531826, 0.1167018269422162)
(-0.47737380710926214, -0.8194905659643548, 0.1179069565331996)
(-0.47692236530963084, -0.8201957852082502, 0.11881172169485432)
(-0.47572853474374655, -0.8203340695386201, 0.11716876763969575)
(-0.4753852349264096, -0.819793212605717, 0.11874378938609076)
(-0.4753377300811439, -0.8197670531675572, 0.12009164253884386)
(-0.4797408399659684, -0.8187458975813142, 0.11578872473040436)
(-0.4791096017915959, -0.8186452938395606, 0.11433484627416513)
(-0.48134157411207834, -0.8182977461700021, 0.11203155487119809)
(-0.48011279181197075, -0.8185759610948694, 0.11148793727622186)
(-0.48273005803154256, -0.8172500712061059, 0.10895335488144564)
(-0.48273005803154256, -0.8172500712061059, 0.10895335488144564)
(-0.48272496265031384, -0.8171408070584838, 0.10905770685407923)
(-0.4827681600070983, -0.817221862823693, 0.10924594122717313)
(-0.4831371078258162, -0.8164839809340885, 0.10860806825396452)
(-0.4819758690226179, -0.8170072068056248, 0.11109354671890737)
(-0.4819758690226179, -0.8170072068056248, 0.11109354671890737)
(-0.4824915468838129, -0.8170704933887905, 0.11284314945614704)
(-0.48430622629116815, -0.8152252542758474, 0.10574976646115264)
(-0.4857678802401464, -0.8148950421414147, 0.1045566348104976)
(-0.4834527132587272, -0.8164578602505742, 0.10980884055561324)
(-0.48661152652971085, -0.8143844846503187, 0.10390086161346579)
(-0.4861190941434672, -0.8147882462392086, 0.10454755138023542)
(-0.4838005003646626, -0.8154090536009577, 0.10953520020381657)
(-0.48528093883829415, -0.8145664106836528, 0.10471504468885628)
(-0.4870921361180569, -0.8136541526024255, 0.10101450808674595)
(-0.4856998498888334, -0.8140810766575153, 0.10389039126987965)
(-0.4893142795692249, -0.812561216067647, 0.09925440045904188)
(-0.48575053683981073, -0.8144436815162996, 0.10810690607864504)
(-0.4885678405106919, -0.8122360603249215, 0.10061608578975245)
(-0.48589708928088626, -0.8133615083816442, 0.10329554392706619)
(-0.4881792461788448, -0.8116980939581613, 0.09778109802161206)
(-0.4848198512988853, -0.8128533870169596, 0.10471890666796169)
(-0.4855516816312675, -0.8127436307773321, 0.10457439093233578)
(-0.48492542733334654, -0.8132044830144036, 0.10827304008692717)
(-0.48567235003835885, -0.8123292677557725, 0.10194691015813806)
(-0.4860035182241693, -0.8123535211241931, 0.10313868176437846)
(-0.48748708947541286, -0.8120008812672149, 0.10088008257328096)
(-0.48748708947541286, -0.8120008812672149, 0.10088008257328096)
(-0.48644928744824956, -0.8123868048037637, 0.10357434149733336)
(-0.4865784532262294, -0.8122112561021329, 0.10226203820891988)
(-0.4866137124861005, -0.8115900709773962, 0.10311601388503466)
(-0.4866137124861005, -0.8115900709773962, 0.10311601388503466)
(-0.4854507935250627, -0.8118988535768838, 0.10351118457592334)
(-0.4891628414742142, -0.8108700546953322, 0.09755248805632188)
(-0.486103720694375, -0.8121596989298795, 0.10098324734317576)
(-0.486103720694375, -0.8121596989298795, 0.10098324734317576)
(-0.4890871130313774, -0.8122883277006563, 0.10163268753860955)
(-0.4865212057975805, -0.8118560460967293, 0.102900105273241)
(-0.4852876005506541, -0.8132518580322403, 0.10548744041594005)
(-0.4835915778659501, -0.8136355930995209, 0.10850773474237574)
(-0.48510682337099964, -0.8135081818755725, 0.10771192121136908)
(-0.4853260227742615, -0.812974585135303, 0.10297091041371442)
(-0.48643797010841006, -0.8134564118220293, 0.10185747302945236)
(-0.48686840108932805, -0.8137738811939039, 0.10367587110290977)
(-0.4819567064528967, -0.8156453885402536, 0.11002867552633311)
(-0.48239304101562164, -0.8149789468071791, 0.10858639902244582)
(-0.4856518169375359, -0.8134110340534186, 0.10238866297831328)
(-0.4853535269526952, -0.8136644991120758, 0.10332456183401795)
(-0.48398755628379453, -0.8147242838251516, 0.10527822870344128)
(-0.48362264025222124, -0.8153831150572811, 0.10785791179837911)
(-0.48504926974322604, -0.8142815110829231, 0.10395032115880154)
(-0.4827311087207933, -0.8149258519016076, 0.10475233686789842)
(-0.4816924883485767, -0.816284501081254, 0.11114711567462798)
(-0.4846605593465547, -0.8151529366369131, 0.10576430546556814)
(-0.480871466326358, -0.8166403112539813, 0.11116593664560837)
(-0.480871466326358, -0.8166403112539813, 0.11116593664560837)
(-0.4821986142195871, -0.8154375434751546, 0.1050260208289604)
(-0.4852431137361952, -0.8155512972182348, 0.1055340768874764)
(-0.4852431137361952, -0.8155512972182348, 0.1055340768874764)
(-0.4845234046706115, -0.8170602823879223, 0.10861408081152368)
(-0.48758023468527045, -0.8151464147096474, 0.10242078407347854)
(-0.4868059817689565, -0.816114310348037, 0.10432856455572681)
(-0.4900855810389062, -0.8151473201921773, 0.09894928378957712)
(-0.4852571336950888, -0.8168548347526323, 0.10807212358203433)
(-0.48457500604373416, -0.8174535247744681, 0.10729057628681438)
(-0.48457500604373416, -0.8174535247744681, 0.10729057628681438)
(-0.483370769779665, -0.8177640312736524, 0.10825732996935544)
(-0.48008422628705505, -0.8192069405246176, 0.11503823905385602)
(-0.4832424676153291, -0.818964765790386, 0.11244375298113707)
(-0.48537737551763516, -0.8179300272671555, 0.10583805169072313)
(-0.48276759091983856, -0.8181976446949234, 0.10970761766595105)
(-0.48366777647495374, -0.8185397970887085, 0.10670349794575662)
(-0.4857391889111946, -0.8177890390631865, 0.10615584433769487)
(-0.4824105064938411, -0.8191485551003982, 0.11099388960675016)
(-0.4845547033993409, -0.8174912586852202, 0.10468615564062644)
(-0.4799572878014522, -0.8190236385794227, 0.11158415334796135)
(-0.4826138741473103, -0.81787369475518, 0.10706133144619523)
(-0.48327364871693135, -0.8182055041289342, 0.1063227415348833)
(-0.4806171448165899, -0.8196773235580035, 0.11080591738612822)
(-0.48005925275140693, -0.8194400959011721, 0.11006960977482994)
(-0.47953153866100395, -0.8196823290529447, 0.11322906961373791)
(-0.47980772017357287, -0.8191761933077326, 0.11103747295302835)
(-0.48170514282733023, -0.8188381782719872, 0.10732578459468956)
(-0.4802887907749174, -0.8206963983925484, 0.11283400605020333)
(-0.47961348620936906, -0.8195788498738528, 0.11090094060261069)
(-0.476604456660602, -0.8209790990657952, 0.11589610398409955)
(-0.4808356361897881, -0.8188237931834803, 0.10876188933727171)
(-0.47831591480007973, -0.8211277121153693, 0.11704499505024146)
(-0.47759160749773, -0.820487873993946, 0.11558881497337681)
(-0.48081853621137927, -0.8199515671157995, 0.1100649838814245)
(-0.48069386513391144, -0.8198453756760007, 0.11288386646156301)
(-0.479430068261709, -0.8178810513476069, 0.11114485011232467)
(-0.479430068261709, -0.8178810513476069, 0.11114485011232467)
(-0.4768883938252866, -0.8140503211774187, 0.11117015039242051)
(-0.4666436771434226, -0.8026231499140821, 0.11098520130767797)
(-0.4666436771434226, -0.8026231499140821, 0.11098520130767797)
(-0.46110082221966464, -0.7952845397671, 0.10889290168416332)
(-0.4495727296237517, -0.7786375395824083, 0.10615761241661703)
(-0.4495727296237517, -0.7786375395824083, 0.10615761241661703)
(-0.4422254550508149, -0.769481492862607, 0.10607576211657976)
(-0.4355239420949337, -0.7610859532502713, 0.10524531823880712)
(-0.4160103404282143, -0.7442851879770167, 0.11084801138481959)
(-0.4160103404282143, -0.7442851879770167, 0.11084801138481959)
(-0.4080506183581514, -0.7357503573762383, 0.11126085967184762)
(-0.404649989501358, -0.7282360356044723, 0.10714108230935837)
(-0.3996140776561894, -0.7255753575479698, 0.11026306568216127)
(-0.39605160944170326, -0.7247413904340421, 0.11436356173078543)
(-0.3967154815398062, -0.7225222763318613, 0.11262434776727126)
(-0.395273861793344, -0.7219816008563844, 0.11443856107143469)
(-0.39538121813252936, -0.7169924324931258, 0.11096873223246972)
(-0.392311978260085, -0.7121008631508783, 0.10958251491759508)
(-0.3894475599140863, -0.7047296181161236, 0.10780384973432322)
(-0.38418318070641155, -0.6977811568276165, 0.10956717137599714)
(-0.3786153491727111, -0.6907116382867444, 0.11225543776894842)
(-0.37235875812564445, -0.6836079852675182, 0.11514316883115905)
(-0.37015443000119985, -0.6734922009261763, 0.10928161220720378)
(-0.36476518029616267, -0.6645354592726063, 0.1083117445399071)
(-0.3599438169509077, -0.6558396911020478, 0.1084506535382197)
(-0.3550827704532855, -0.646425893076215, 0.10584975275080843)
(-0.348717636149267, -0.637734032112138, 0.10676784499872305)
(-0.34171726364938526, -0.624805970605038, 0.10516142551551)
(-0.3367911723541357, -0.6157342224717444, 0.10331858947433603)
(-0.3290338118684104, -0.6075005583982112, 0.10778400877010519)
(-0.32564887202809834, -0.5976006819925863, 0.10447590014672392)
(-0.31863895055294567, -0.5885653494317409, 0.10526585756167317)
(-0.305870354869326, -0.5695922219628102, 0.10460256224534903)
(-0.305870354869326, -0.5695922219628102, 0.10460256224534903)
(-0.2985990607496427, -0.5618343218087578, 0.10783936643021219)
(-0.29510773395011136, -0.550292904695011, 0.10103330045240888)
(-0.28832948678180426, -0.5418031959075742, 0.10217054809291981)
(-0.2797205101363627, -0.5326065580721059, 0.10456912019737818)
(-0.2719229864715649, -0.5232067456601796, 0.10452046976952234)
(-0.26422056202107536, -0.5135809609359674, 0.10521668390744998)
(-0.2566963351146998, -0.5046521445930046, 0.10652553340778836)
(-0.24967743173449808, -0.4949887095144747, 0.10447382849291387)
(-0.23253509939261452, -0.47833383009105135, 0.1092189585967469)
(-0.23253509939261452, -0.47833383009105135, 0.1092189585967469)
(-0.21709638255882835, -0.46207234885642356, 0.11406970713398379)
(-0.21709638255882835, -0.46207234885642356, 0.11406970713398379)
(-0.2103983183831819, -0.4524482920337811, 0.10952608973228983)
(-0.20182520398887127, -0.44462161202407136, 0.11167901457888396)
(-0.19281996343210306, -0.43711437441387124, 0.11605511947136571)
(-0.18693237914152094, -0.42785620537332325, 0.11483663329815785)
(-0.17908785948191674, -0.4193105706053766, 0.11365350408243757)
(-0.1737493293399357, -0.40953987697875327, 0.11070917574186212)
(-0.1644852396620582, -0.4017467393782439, 0.1125978762805373)
(-0.1569030015176811, -0.39265000945530404, 0.11106222214290806)
(-0.14676331085994576, -0.38554326928100324, 0.11685460836372519)
(-0.13732876631186497, -0.3774658160542971, 0.11686294913247575)
(-0.1299201632390481, -0.3682297549283684, 0.11446412067386813)
(-0.12303709332277757, -0.36105993087512456, 0.1128638619020026)
(-0.1177896026513221, -0.360441552481939, 0.1168222498024225)
(-0.11834851797184154, -0.35828193935883146, 0.11400942404591596)
(-0.11833416310323885, -0.3580458884665769, 0.11399027345965651)
(-0.11926608044463283, -0.3578629139202627, 0.11387740001708835)
(-0.11808772813529145, -0.35874088579989794, 0.11706455215598321)
(-0.11974918708775073, -0.35735035455349307, 0.1132956081182932)
(-0.12077809161521302, -0.3560124000539858, 0.11015020244840557)
(-0.12056843009817042, -0.3568803674872244, 0.1123557143440308)
(-0.12013209382088519, -0.3568696320781761, 0.11296702530418856)
(-0.12244625161211675, -0.3552418699557065, 0.10831445781162796)
(-0.12129363759650569, -0.35565475499322174, 0.1101882318313745)
(-0.1213600706919169, -0.35614824396399203, 0.1108844336635173)
(-0.1229482574464591, -0.3554421809737409, 0.10971970057780389)
(-0.12210619858455485, -0.35630972680249295, 0.11237408580309327)
(-0.12312808146331933, -0.35479825612436366, 0.10795088577929901)
(-0.12470989332901605, -0.35374648599253733, 0.10603917563667498)
(-0.12470989332901605, -0.35374648599253733, 0.10603917563667498)
(-0.12486873387225339, -0.354147228098178, 0.10705368156040951)
(-0.12500026601937164, -0.35432571968380977, 0.10763422797924682)
(-0.12667955773768025, -0.35267933960016307, 0.10317921145611186)
(-0.12721032572536073, -0.3532114805888764, 0.10481933940874955)
(-0.12594799992207473, -0.3535955014936515, 0.10619981135079848)
(-0.12841816615684865, -0.3529495728649885, 0.10443577976518914)
(-0.12838854277320544, -0.35300378192455995, 0.10436919074582818)
(-0.12693106214035987, -0.35377161096274234, 0.10636036832449647)
(-0.12829598775874085, -0.35314177511056766, 0.10490180572428343)
(-0.12809145967322855, -0.3534864589088562, 0.10609341051827759)
(-0.13107013095188558, -0.35079653223390705, 0.09963660328928681)
(-0.1328654690642732, -0.350055323180706, 0.09728473893317169)
(-0.1306359052908741, -0.3515345176000866, 0.10224831641746857)
(-0.13489457803806038, -0.34948147580114974, 0.09627775558341645)
(-0.13356023189087196, -0.35060976580760217, 0.09910417408925909)
(-0.13430164025766955, -0.3502480453270058, 0.09967175537246042)
(-0.1331838765550868, -0.3513289840917202, 0.10188579175724843)
(-0.13348100152543219, -0.35076698584188937, 0.10096017357287934)
(-0.1367077886782988, -0.348401436872696, 0.0950367344340366)
(-0.13665547339679818, -0.34881576060511865, 0.0967526609780116)
(-0.13470235749375759, -0.35044348563690575, 0.10216698582063177)
(-0.13656857795355615, -0.3498128202697639, 0.10087574054098036)
(-0.13590700120670318, -0.34925638460285136, 0.09897229257166118)
(-0.1385933875429881, -0.34738627077272966, 0.09388427764070384)
(-0.13667691264831672, -0.3492440524746401, 0.09973347691155232)
(-0.1420833742634291, -0.3458038684594411, 0.09134249395287064)
(-0.13741205929924205, -0.3489421145688256, 0.09959944166494639)
(-0.1376138591582372, -0.34867493075928846, 0.09872555144665562)
(-0.1399665526536149, -0.3469863197650458, 0.09460104696789262)
(-0.1407947239948899, -0.34691919106574043, 0.0952030427292112)
(-0.13937023857889708, -0.3478968243534074, 0.09811250250211834)
(-0.14073632381071888, -0.3465062484158461, 0.09495539918210327)
(-0.13887459891505283, -0.3481677931871976, 0.09936678317128722)
(-0.13972431621753656, -0.34742245717608444, 0.09686042688234409)
(-0.13972431621753656, -0.34742245717608444, 0.09686042688234409)
(-0.13950215211720374, -0.3472107453720431, 0.09626453276812352)
(-0.1389204892500553, -0.3480777839828022, 0.09891623732775812)
(-0.14004853590085875, -0.3474334691211557, 0.09722776913563824)
(-0.13951621812263082, -0.34812921926243834, 0.09897963455499559)
(-0.13766994773754382, -0.34910498226770015, 0.10233366122416365)
(-0.13800923668362142, -0.3489748744017881, 0.1024948390788909)
(-0.13777101531643776, -0.34947272894779313, 0.10315664384766166)
(-0.13863005266723794, -0.34893914162513184, 0.10268985715332013)
(-0.1386637045887864, -0.3488012626817605, 0.10243930433459791)
(-0.13891196467200428, -0.34883163673046613, 0.102455484050606)
(-0.13690350976015786, -0.35074340110023183, 0.10781293320426122)
(-0.13882780121090854, -0.3488711087423525, 0.10311296394267755)
(-0.139316182812405, -0.3489196839780402, 0.1023969100923201)
(-0.13716770178827242, -0.35075843429684395, 0.10795625911360696)
(-0.13910047905731648, -0.3495798090186344, 0.10438502155809504)
(-0.13745952410651174, -0.35033369011000426, 0.10666449464269956)
(-0.13761353481517236, -0.35015437432071983, 0.10636821594116452)
(-0.13622595013986283, -0.35121160937579976, 0.10890991938906236)
(-0.13614924900465564, -0.351360053510573, 0.10996480526789387)
(-0.13784667990310395, -0.35041120386059554, 0.10710353306802767)
(-0.13702827006258467, -0.3505510377803521, 0.1089194956394488)
(-0.1346833816711881, -0.35241618009398956, 0.11243265055648188)
(-0.13643204258839825, -0.3510426511074334, 0.1093599009863011)
(-0.13473168057974605, -0.3532757605593677, 0.11522730251828861)
(-0.13531253337950444, -0.35234161004298303, 0.11330861011372684)
(-0.13531253337950444, -0.35234161004298303, 0.11330861011372684)
(-0.13406006054132558, -0.3532280395597588, 0.11469865401101886)
(-0.13282539143783278, -0.3535833116275452, 0.11556859125941887)
(-0.13121411136172134, -0.3547749761190313, 0.11953080966099616)
(-0.13129330131898898, -0.3542823750674171, 0.11818777177135265)
(-0.13048974369950095, -0.35501433421120154, 0.1197770652052641)
(-0.1280304455567347, -0.356276374327287, 0.12407609965246702)
(-0.12877560854466163, -0.3564145324483622, 0.1250594932672462)
(-0.12877560854466163, -0.3564145324483622, 0.1250594932672462)
(-0.12877560854466163, -0.3564145324483622, 0.1250594932672462)
(-0.12814270927349813, -0.3566704856750329, 0.12427246924678736)
(-0.13001995304981118, -0.35588249439097863, 0.12220335071655497)
(-0.12723653140587565, -0.3581957438722758, 0.12769242665968483)
(-0.12818358162720012, -0.3575015760570168, 0.12601697650706867)
(-0.1282815051966908, -0.35730807859309566, 0.12469610183541757)
(-0.12861116852190824, -0.3571142591867378, 0.12383574687569698)
(-0.12900481415133846, -0.35750425805952013, 0.12450328922245113)
(-0.12848814632107564, -0.3582473635911131, 0.12626974311373718)
(-0.12598640103549497, -0.3602041053263747, 0.13208990765761963)
(-0.12698651877183864, -0.3590437925996337, 0.12831537670571658)
(-0.12839158303836373, -0.3586125853608919, 0.1276190234681187)
(-0.12791512887911782, -0.35912678734490866, 0.12744912653616525)
(-0.12744858723992936, -0.35938149549306064, 0.1298674975145293)
(-0.1256017530417297, -0.36050195211019154, 0.13091969340745346)
(-0.12895001766046454, -0.3584057163571046, 0.12628842668671414)
(-0.12663234814003066, -0.36025213240543386, 0.13120411048745861)
(-0.13006537563354392, -0.35759612606076674, 0.12433170811634797)
(-0.12906784832971918, -0.3586086514266089, 0.12665367818561735)
(-0.12870343968773623, -0.35894251093666485, 0.12832862917763244)
(-0.1282419594540365, -0.3598675352154408, 0.13061496982288645)
(-0.12771534068027024, -0.3599893606628155, 0.130932622895521)
(-0.1321687148574784, -0.3576897526586804, 0.1279584944467298)
(-0.13712239763778067, -0.3546840013547239, 0.12589908087664448)
(-0.14400095364266363, -0.3518555428370511, 0.1257700735396956)
(-0.1512595490712334, -0.34851650490580566, 0.12799252126330396)
(-0.1593681158581366, -0.3442398064735326, 0.12678830380792183)
(-0.16887084626083748, -0.33922037156141693, 0.12505922236592837)
(-0.1764629339274748, -0.33590145300891217, 0.12969236509009008)
(-0.1890878913399079, -0.32811516739160673, 0.12370534712352321)
(-0.1983104800005504, -0.32239552649576375, 0.12377281079903901)
(-0.20131528214817251, -0.32042500899347015, 0.12174200707335947)
(-0.20070749948385092, -0.32104820455127236, 0.12369314746128124)
(-0.20070749948385114, -0.32104820455127214, 0.12369314746128124)
(-0.20181989263355948, -0.3212132259710474, 0.12679542138602473)
(-0.20617842893510252, -0.31983752407561106, 0.1263634014338555)
(-0.21512515908879504, -0.31622857045906716, 0.122575902680373)
(-0.22311141441204363, -0.31332552714518025, 0.12305493066774087)
(-0.229918299787361, -0.31171305383220127, 0.1259096767144341)
(-0.2388831352213403, -0.30847485538748, 0.1249435338229048)
(-0.25005001188617637, -0.30392990731566927, 0.12093552465133617)
(-0.25815625961520117, -0.30096568155304315, 0.1208881813976308)
(-0.26710066399735677, -0.29858992378889215, 0.12224077121933008)
(-0.2753193617996248, -0.29632624074588554, 0.12465371951728632)
(-0.28582422072692926, -0.2921068521719401, 0.12242197599503535)
(-0.29688699469949675, -0.2872096025620444, 0.11884211291508207)
(-0.303565191028246, -0.28606313990536003, 0.12435849772977448)
(-0.313707175470199, -0.28195886052515684, 0.12299356754601054)
(-0.3234422579202756, -0.27819383241497786, 0.12305653248080928)
(-0.3338225654600082, -0.2741471220249261, 0.12161349098806329)
(-0.34428866909282085, -0.26958552577007655, 0.11953860887096623)
(-0.3525071484797624, -0.2665798777383197, 0.12147391162641474)
(-0.3632527666381784, -0.2616955804639367, 0.1208211585629293)
(-0.3728733173812795, -0.25735903819668715, 0.11982644785405316)
(-0.38223383019623425, -0.253637416093601, 0.12034365057635532)
(-0.3937578029538502, -0.24751068416972655, 0.11731438545508488)
(-0.4041769378858713, -0.24258466491621744, 0.11671344855912968)
(-0.4125230842118319, -0.23904003333083024, 0.11789886805989047)
(-0.4327990386511509, -0.230039495495312, 0.11663261116456503)
(-0.4327990386511509, -0.230039495495312, 0.11663261116456503)
(-0.4410278261779508, -0.22590570964506484, 0.11867846403942894)
(-0.4523089073056519, -0.2209472579607603, 0.11701969436367032)
(-0.4618170213958903, -0.2167942100258955, 0.11718839142808313)
(-0.4717317964121206, -0.21199437521315456, 0.11640034751103645)
(-0.48325453295220866, -0.20627815648831804, 0.11349878690022774)
(-0.4909146901901662, -0.20298126220239832, 0.1169573888052744)
(-0.4998407930336701, -0.19790521417935047, 0.11465455628522081)
(-0.509096576774112, -0.19394449532681923, 0.11521194619706376)
(-0.5170056769363331, -0.18981143507522447, 0.1172832988374981)
(-0.5266404805070057, -0.1847334640335434, 0.11655267263218638)
(-0.5372474118016712, -0.17893069834193231, 0.11481133946069866)
(-0.5488344686294684, -0.17184849050811546, 0.10990984815661431)
(-0.5584452404688192, -0.16684606269322688, 0.10878635791236646)
(-0.5657821441466686, -0.16269721502806078, 0.11222783006311987)
(-0.5736674728850917, -0.1580583174584551, 0.112695860234723)
(-0.5855983475632143, -0.15089177184385671, 0.11244345932034272)
(-0.5941227337566801, -0.14618891198034856, 0.11270548952131554)
(-0.6042080826043239, -0.13960498147741962, 0.10986633139665125)
(-0.6050292245757158, -0.13873877251791245, 0.11651396624125465)
(-0.6069698666781247, -0.1384958874671125, 0.11751494844918864)
(-0.6047652837010171, -0.14049961655528131, 0.12189919097524093)
(-0.6091320450676354, -0.1384209509609705, 0.11672087552817967)
(-0.6074959143385668, -0.1394082466488884, 0.12119438563976104)
(-0.6119942234858506, -0.13763282774726115, 0.11900134854614941)
(-0.6184418226422355, -0.13588690936771308, 0.11845056635466533)
(-0.6276331698522464, -0.13158010025710976, 0.11471821058785059)
(-0.6329165311470122, -0.1300974597787785, 0.11630611380491063)
(-0.6395428317904306, -0.12849132191424506, 0.11601875213314372)
(-0.6450670052128649, -0.12669020899097005, 0.11901684341558405)
(-0.65247307866243, -0.12510880934964042, 0.12033268229991356)
(-0.6635276861355277, -0.11998648591780925, 0.11627718518304153)
(-0.6720544583411012, -0.11707387516828716, 0.11619200838738997)
(-0.6793423154914793, -0.11512538142286122, 0.11780714291882899)
(-0.6873266870525601, -0.11314827791750603, 0.11867680314778939)
(-0.6873266870525601, -0.11314827791750603, 0.11867680314778939)
(-0.7032729318933912, -0.10676332981122671, 0.12081250003115218)
(-0.7138351954026934, -0.10229012880999111, 0.11846162487547751)
(-0.7168984099900659, -0.10195964767368637, 0.12292785606151835)
(-0.7202313124285635, -0.10083738799186814, 0.12254872649470006)
(-0.7200859728674225, -0.10204421161298993, 0.12336343416427242)
(-0.7202813083638862, -0.10215618412724714, 0.12471721442889083)
(-0.7166184313377535, -0.10507617964438243, 0.1276349483730954)
(-0.7168183434264797, -0.10430204528922549, 0.12832287766802697)
(-0.7167793131506819, -0.10439341054960694, 0.12707221700053406)
(-0.7174568454950485, -0.1043162917175331, 0.1256522602763992)
(-0.7179807976302157, -0.1038014311283777, 0.12598585954491304)
(-0.7174774130599002, -0.10488524408037725, 0.12699855670143467)
(-0.7184214895318943, -0.10354101856610187, 0.12427513795049583)
(-0.7151261337637094, -0.10562822909784275, 0.1289486865564644)
(-0.7151261337637094, -0.10562822909784275, 0.1289486865564644)
(-0.7110017137397118, -0.10787203514661814, 0.13230362227709835)
(-0.7145755977363446, -0.1068708056617762, 0.12927586677590974)
(-0.7139484951432684, -0.10693286239430588, 0.12997861042104897)
(-0.7180805025231713, -0.10543131539475692, 0.12626227170812654)
(-0.7194495206257894, -0.10329338041501646, 0.12371125549135753)
(-0.7164663246013845, -0.10587090935402876, 0.1279813695465415)
(-0.7161012394211315, -0.10648911003451567, 0.12815075426046696)
(-0.7152496598380347, -0.10635217643157746, 0.12887191066949089)
(-0.7180411754162392, -0.10489518419487331, 0.12504546322007792)
(-0.7180411754162392, -0.10489518419487331, 0.12504546322007792)
(-0.7180411754162392, -0.10489518419487331, 0.12504546322007792)
(-0.7180411754162392, -0.10489518419487331, 0.12504546322007792)
(-0.7180411754162392, -0.10489518419487331, 0.12504546322007792)
(-0.7180411754162392, -0.10489518419487331, 0.12504546322007792)
(-0.7180411754162392, -0.10489518419487331, 0.12504546322007792)
(-0.7180411754162392, -0.10489518419487331, 0.12504546322007792)
(-0.7113038060704255, -0.10964035021345997, 0.13229825535047346)
(-0.7124473935328488, -0.10964056859444793, 0.13253104846739383)
(-0.7195052534223445, -0.10504012264029883, 0.12189998103127775)
(-0.7195052534223447, -0.10504012264029916, 0.12189998103127819)
(-0.7136524808153388, -0.10850992453376485, 0.12834305769314613)
(-0.7144771630514652, -0.10814711983445369, 0.12735697624972442)
(-0.7183353193685897, -0.10606732521806383, 0.1243043224802578)
(-0.7225519974618562, -0.10303506453152944, 0.11752986012622535)
(-0.7200034942005056, -0.10555606348936386, 0.12238346088618823)
(-0.7200034942005056, -0.10555606348936386, 0.12238346088618823)
(-0.7176546624043072, -0.10719682484963977, 0.12399194753923393)
(-0.7121956348418048, -0.11013539834183339, 0.12978655408396134)
(-0.7212643143465745, -0.10496513399396001, 0.1207886151955142)
(-0.7164546401092073, -0.10827150776173611, 0.12616205677330772)
(-0.7223113475210978, -0.10362584742900993, 0.11836235862336197)
(-0.7211704990395593, -0.10530099058343823, 0.11943365313030396)
(-0.7172598710027367, -0.10688429111708952, 0.1232352915795929)
(-0.7201180372949263, -0.10552130489193323, 0.12044043350622635)
(-0.7173394290959965, -0.10714564437476892, 0.12356462133055746)
(-0.721788795165788, -0.1047923624596172, 0.1190198413422503)
(-0.721511348273729, -0.10508257717792713, 0.12021748960055478)
(-0.7211469319499146, -0.10479974137181314, 0.118322532245563)
(-0.721365439363173, -0.10501489433961131, 0.1193412213658982)
(-0.7255664255169545, -0.10252292475575875, 0.11420891037652336)
(-0.723041758578409, -0.1037729191858262, 0.11744671133624074)
(-0.7291242262995845, -0.10007488834373346, 0.1092693971975447)
(-0.7235122371780209, -0.1028824888093639, 0.11451252570571846)
(-0.7383695574206361, -0.0954502974701863, 0.10348458388533133)
(-0.726125619942519, -0.10301858940739073, 0.11391791003260776)
(-0.7253064566531489, -0.10354998239683688, 0.11308309827767471)
(-0.7253064566531489, -0.10354998239683688, 0.11308309827767471)
(-0.7253064566531489, -0.10354998239683688, 0.11308309827767471)
(-0.7301528659048826, -0.10063475644494169, 0.10827787607893669)
(-0.7372422557196963, -0.09659427883612248, 0.10354734634101881)
(-0.7372422557196963, -0.09659427883612248, 0.10354734634101881)
(-0.7372422557196963, -0.09659427883612248, 0.10354734634101881)
(-0.7335453994126293, -0.09869683419491515, 0.10249994735771195)
(-0.7337918553466669, -0.10013089817765697, 0.10472635908797101)
(-0.7337918553466669, -0.10013089817765697, 0.10472635908797101)
(-0.7337918553466669, -0.10013089817765697, 0.10472635908797101)
(-0.7337918553466669, -0.10013089817765697, 0.10472635908797101)
(-0.7337918553466669, -0.10013089817765697, 0.10472635908797101)
(-0.7337918553466669, -0.10013089817765697, 0.10472635908797101)
(-0.7419158700590334, -0.09463359827050111, 0.09533140524538952)
(-0.7419158700590334, -0.09463359827050111, 0.09533140524538952)
(-0.7419158700590334, -0.09463359827050111, 0.09533140524538952)
(-0.7368628212656783, -0.09875248840848161, 0.09852539597264798)
(-0.7368628212656783, -0.09875248840848128, 0.0985253959726482)
(-0.7368628212656783, -0.09875248840848128, 0.0985253959726482)
(-0.7343711803484108, -0.09992272497083388, 0.10055534008726519)
(-0.7343711803484108, -0.09992272497083388, 0.10055534008726519)
(-0.7343711803484108, -0.09992272497083388, 0.10055534008726519)
(-0.7311816731857448, -0.10251851749909102, 0.10639708730578246)
(-0.7313921641478458, -0.10123740570028517, 0.10323346179701631)
(-0.7263624773858046, -0.10443867333505885, 0.10969236427500229)
(-0.7263464898278438, -0.10378094279110739, 0.10960508672480196)
(-0.7302855628873701, -0.10380980751230151, 0.10473299687276882)
(-0.7321503433382681, -0.1085947701919393, 0.1058982368449326)
(-0.7415973524563155, -0.10983122880947604, 0.09885033379262431)
(-0.7415973524563153, -0.10983122880947627, 0.09885033379262476)
(-0.7415973524563153, -0.10983122880947627, 0.09885033379262476)
(-0.7415973524563153, -0.10983122880947627, 0.09885033379262476)
(-0.7640903170794697, -0.13496146668626818, 0.09183218141070282)
(-0.7656588730410709, -0.14349746402478325, 0.09119230863730832)
(-0.7736003700230918, -0.1592610066541097, 0.0901571198243536)
(-0.7736003700230918, -0.1592610066541097, 0.0901571198243536)
(-0.7736003700230918, -0.15926100665410936, 0.0901571198243536)
(-0.7736003700230918, -0.15926100665410936, 0.0901571198243536)
(-0.7736003700230918, -0.15926100665410936, 0.0901571198243536)
(-0.7842953625814266, -0.17381927017282695, 0.08585482862776073)
(-0.7785629562084364, -0.177171331632213, 0.09189374227806457)
(-0.7757229090367819, -0.17863720197094768, 0.09468059684615815)
(-0.7769601095850136, -0.17831040654595465, 0.09267154176686221)
(-0.7848226099529885, -0.17948785444355697, 0.08624848624079284)
(-0.7811036359801697, -0.18595230716581357, 0.09079685010992566)
(-0.7811036359801697, -0.18595230716581357, 0.09079685010992566)
(-0.7811036359801697, -0.18595230716581357, 0.09079685010992566)
(-0.7877755478927277, -0.20646069070596074, 0.09129461769682168)
(-0.7847067279343023, -0.21641538460423604, 0.09664790997136641)
(-0.7926290332127066, -0.22086150265798743, 0.08956385691077129)
(-0.7952980557625846, -0.23052240358832266, 0.08975375296441213)
(-0.7927461723408264, -0.24023437555092375, 0.09441146900418751)
(-0.7986661312966004, -0.2476854447816047, 0.09281971104263564)
(-0.8012888043303192, -0.2539835051329956, 0.08988179156108611)
(-0.8007866928985434, -0.26412863577529255, 0.09317951919459322)
(-0.804114783259221, -0.2707693666365265, 0.09076597144980258)
(-0.804943258800608, -0.27953127132571653, 0.0945767301328162)
(-0.8058431419406609, -0.28850158886887656, 0.09751189127757476)
(-0.8128883192180703, -0.2937401064512206, 0.09149268975897074)
(-0.8172603108683176, -0.2998430357796811, 0.08896205383161071)
(-0.817312015601632, -0.30939553422744637, 0.09394367017492344)
(-0.8212127297085592, -0.3153327165987906, 0.0903195922165323)
(-0.8257343722094024, -0.3225070672070254, 0.08808745567981013)
(-0.8275211599689138, -0.33163639470582496, 0.0899326774980953)
(-0.8275671367098827, -0.3403162464442778, 0.09336258274680054)
(-0.832239080297235, -0.3473379622795367, 0.08799542452892162)
(-0.8345458262825622, -0.3556259198118168, 0.09117865883106546)
(-0.8371458603043322, -0.36376048873065003, 0.09187543995265135)
(-0.8375433733274611, -0.3737572867096981, 0.09563387913449373)
(-0.8423101786488028, -0.3807686002956985, 0.09144506050061052)
(-0.8439376802320382, -0.38929564264745387, 0.09357769710916197)
(-0.8484679185842872, -0.39720839970766775, 0.09370491327489416)
(-0.8517524159851027, -0.40659157083741904, 0.09267930607382624)
(-0.852754256140305, -0.41585128751465494, 0.09456069114488308)
(-0.8613813147370195, -0.43267753502962536, 0.09281287617461764)
(-0.8613813147370195, -0.43267753502962536, 0.09281287617461764)
(-0.8620453882897621, -0.4417943805703066, 0.09519699084251299)
(-0.8655392363246133, -0.44959140103242423, 0.09437563413820826)
(-0.8659288143821562, -0.460904420579471, 0.10014003381047121)
(-0.874098512321545, -0.4650657184943936, 0.0949635450734796)
(-0.8736288835998907, -0.4760021367189131, 0.0987616203810977)
(-0.8753492976792934, -0.4845183594472058, 0.10242984936958721)
(-0.8767059873955259, -0.49229457372092345, 0.10205696193235614)
(-0.8814510306278349, -0.500063729368083, 0.1013386006407706)
(-0.8839006736605437, -0.5084861818112645, 0.10303826000964333)
(-0.8876878923957245, -0.5171176360437892, 0.1035850986711826)
(-0.8895249460551582, -0.5270118249398894, 0.10593701879221462)
(-0.8908439873841434, -0.5361757843533307, 0.10978432472650823)
(-0.8945945418091341, -0.5439151048211348, 0.10851740553875366)
(-0.8985103997320893, -0.5504103100002717, 0.10864007339674386)
(-0.9019392447457153, -0.5531802465039461, 0.10499418586982512)
(-0.9041373029443271, -0.554833854151023, 0.1052973974777851)
(-0.9070004620149716, -0.5552717939264815, 0.10054079831783436)
(-0.9101468760820131, -0.5604573899026166, 0.1011106615389874)
(-0.9125806245807566, -0.5662799252262147, 0.10054066931911865)
(-0.9122866130365874, -0.5732917228057912, 0.1032495029855669)
(-0.9128986687454403, -0.5815234327617109, 0.10624796418764015)
(-0.915607497885649, -0.5890460356211362, 0.10859378857789603)
(-0.9205184111182583, -0.59569195643345, 0.10313464493666413)
(-0.9209466898927829, -0.6049272782559628, 0.10818150257931491)
(-0.9286260761902712, -0.6117744605729971, 0.10136234838019043)
(-0.9282319293092753, -0.6211977947508371, 0.10590743328975849)
(-0.9300883636595463, -0.6306765279998229, 0.10708575315249336)
(-0.9317948158845364, -0.6401106770760022, 0.11378495185384452)
(-0.9327132924605712, -0.6489962244809291, 0.11593891602229656)
(-0.9365062429844451, -0.6570150417308276, 0.1110901733540739)
(-0.9385386055239668, -0.6659350768812741, 0.11282136356879424)
(-0.9416099866695264, -0.673706739537242, 0.11400455037067991)
(-0.9420846451672613, -0.6837602646166591, 0.11810041800420334)
(-0.9465100712159096, -0.6913930995090075, 0.11448850189097892)
(-0.9447383739401072, -0.7017149930275459, 0.1235328489047487)
(-0.9483865156925011, -0.7098817453255698, 0.12227036839475058)
(-0.948996016490931, -0.7191729445496173, 0.12274950226070946)
(-0.9497924034522958, -0.7289856503164432, 0.1268511519897657)
(-0.9546873843511479, -0.736994842181648, 0.12441858624314017)
(-0.957450854233159, -0.7463198187496023, 0.12777771401242544)
(-0.9592705051684371, -0.7564191548315347, 0.12886307829452548)
(-0.9619728406468258, -0.76557280578902, 0.13046054894295067)
(-0.9709059649449052, -0.7827659829449984, 0.12970275533558562)
(-0.9709059649449052, -0.7827659829449984, 0.12970275533558562)
(-0.9739384631520434, -0.7919525048241731, 0.12995298766414698)
(-0.9723566624825806, -0.8034148402455721, 0.13957610403138676)
(-0.9797751502123044, -0.8114647617762365, 0.13552132097767378)
(-0.9802237996086056, -0.8227156838999148, 0.14025359680558602)
(-0.9831774587371982, -0.8303810105976177, 0.14032023443406505)
(-0.9831595907058632, -0.842259037203245, 0.1442320445020675)
(-0.9827788596131404, -0.8529622256711715, 0.14922454010221164)
(-0.9872762802161834, -0.8617666272862172, 0.14655424830306507)
(-0.9917374575698978, -0.870456384401716, 0.1492219538979942)
(-0.9894872452735375, -0.8801627582528851, 0.15242910756571648)
(-0.9886770202959771, -0.8904118703890502, 0.16017016129942396)
(-0.9976167264862599, -0.898535375103223, 0.15611508166433685)
(-0.9923631669124573, -0.9091958809938185, 0.16370116344943986)
(-0.9959906753950858, -0.9175711949586076, 0.16481482238713885)
(-0.9996389215826906, -0.9275759251122883, 0.16842735621804428)
(-1.0022480271567735, -0.934365532070534, 0.16750667147666376)
(-1.008171433682905, -0.945347555241143, 0.16868549931328514)
(-1.0097669908259683, -0.9522888018797784, 0.17204348132700908)
(-1.0165118989836879, -0.9546698270485322, 0.16269155167343197)
(-1.0264987700449857, -0.9555083387828162, 0.157246116145636)
(-1.0304081144455204, -0.9550964013463522, 0.1557672658842415)
(-1.028191604900214, -0.9552536477142728, 0.1574237500233302)
(-1.0309453964486288, -0.9551193974285455, 0.15327449947481098)
(-1.0309453964486288, -0.9551193974285455, 0.15327449947481098)
(-1.0353430961666805, -0.9545377620383797, 0.14803947991434718)
(-1.0372612567935342, -0.9544486104022921, 0.14638680611152122)
(-1.0351207294160099, -0.9555480944383064, 0.15212958805953325)
(-1.0371065194720515, -0.9555754371658354, 0.150051633907077)
(-1.0418095951626336, -0.9537720446349629, 0.14245986468715666)
(-1.044750494228606, -0.9554089436300959, 0.14144279236343382)
(-1.0458428438369305, -0.9544673032665034, 0.14158203749638298)
(-1.0472833060876123, -0.95521686540016, 0.14005922370277668)
(-1.0476925184919883, -0.9542144601289414, 0.13801192233656256)
(-1.0507465069647175, -0.9551852710600934, 0.13603619709471082)
(-1.0542289981507766, -0.9537463448073414, 0.13114359534620323)
(-1.0541156914140646, -0.9527475478396781, 0.12852196440650365)
(-1.0548847733712838, -0.953522485288101, 0.12993054019401384)
(-1.0577149698294013, -0.953626757091947, 0.12809255674949127)
(-1.0609150905031255, -0.9545110320523249, 0.12418895327519675)
(-1.0606158375029817, -0.9544604031878119, 0.12451495378166344)
(-1.0602917647660524, -0.953719099763533, 0.12277120684688114)
(-1.0572764605888711, -0.9538422323376277, 0.12577424906812862)
(-1.0607992625467002, -0.9517685735700527, 0.12230706105982692)
(-1.064121929476947, -0.9533028962593109, 0.12425390829790217)
(-1.057348374653864, -0.9543595971177643, 0.12683149820463768)
(-1.059400050650534, -0.9520212786297138, 0.12153488055502915)
(-1.0583038542511933, -0.9538317968358571, 0.1250983413089639)
(-1.0615312186464203, -0.9531552966809962, 0.12229609138288766)
(-1.0607725736765672, -0.9531073258314114, 0.12313401866312801)
(-1.0574636907218902, -0.9529850480500579, 0.12737992824554767)
(-1.06120744739068, -0.9523896747193419, 0.12177206054504697)
(-1.06120744739068, -0.9523896747193419, 0.12177206054504697)
(-1.058625875793844, -0.9523615302080979, 0.12442159010828013)
(-1.0520226254449576, -0.9516085829754981, 0.13076532531886786)
(-1.0561971653945452, -0.9494454250671757, 0.12336440276087379)
(-1.050827752049265, -0.9503358046301169, 0.12890438908807722)
(-1.049504997563278, -0.9506227264010013, 0.1314841485518985)
(-1.042927775645783, -0.9494352501901537, 0.1383427973971203)
(-1.042927775645783, -0.9494352501901537, 0.1383427973971203)
(-1.0446624728876475, -0.9500264269231136, 0.13363767218212508)
(-1.0469970424031143, -0.9488023010107776, 0.13206600138589009)
(-1.04174117252305, -0.9482161601217228, 0.13809811445710785)
(-1.040678459139222, -0.948969237444579, 0.13328691810255755)
(-1.042916487013786, -0.9464065933781126, 0.13119518581576184)
(-1.0358840044565374, -0.9482425032970533, 0.1415219825945493)
(-1.0347168723779152, -0.9471400494514368, 0.13794227694198002)
(-1.0297116643061677, -0.9479858647315317, 0.1418845728690057)
(-1.0357195627372349, -0.9474065400554827, 0.137148926544582)
(-1.0323724346819003, -0.9455969386391093, 0.1358615845236919)
(-1.0306503449868767, -0.9475254024054112, 0.1407575042472453)
(-1.0231595458113916, -0.9474878746434139, 0.1462283305894696)
(-1.024202757194149, -0.9481359979132358, 0.1492860069498616)
(-1.0261019383733183, -0.9461930722279426, 0.14243485308420967)
(-1.0234522681654474, -0.9461346873658691, 0.14466533974513118)
(-1.02513721302532, -0.9452939846390949, 0.1423799724863386)
(-1.0231920628878064, -0.9471120587086885, 0.14535759326097986)
(-1.018560034894532, -0.9455674957156304, 0.14819317672475596)
(-1.0198950370087712, -0.9455695715164619, 0.14654494435972798)
(-1.0173822355177269, -0.9461090489693929, 0.1493448516631779)
(-1.0204404686834136, -0.944534000379614, 0.14781073267591993)
(-1.0117442946057533, -0.946500630576755, 0.15429388237657649)
(-1.0146519905041693, -0.9456719183026048, 0.15058607865431206)
(-1.0155716020442294, -0.9460850890446966, 0.1505179726975101)
(-1.011141088085728, -0.9461280887191164, 0.15789228274033285)
(-1.0111186466640152, -0.944696224550348, 0.15498925784215434)
(-1.0148299189999053, -0.9454576258619779, 0.15685488362747146)
(-1.0158757415455408, -0.9448713701870566, 0.15247564827160143)
(-1.0152832929117819, -0.944279020922768, 0.15459769535863366)
(-1.013171131999946, -0.944289786515297, 0.15784174875769597)
(-1.0153968137302372, -0.9432451641156412, 0.15188850605205784)
(-1.00732103991528, -0.9447899305339063, 0.16330252511652166)
(-1.0094051059691773, -0.9442697083423307, 0.15861857295760928)
(-1.0087394083172567, -0.9437134965058378, 0.15419138832308033)
(-1.002576148902906, -0.946425328543006, 0.16534124391596627)
(-0.9974287865318399, -0.9509421223971087, 0.16355460460027227)
(-0.9953389066090279, -0.9541262336741878, 0.16081494052507672)
(-0.9933514021874517, -0.9551126794200475, 0.1618009070291735)
(-0.9906192276136834, -0.956425106026272, 0.16089404850050237)
(-0.9901217562681524, -0.9574997388481961, 0.15515110415180056)
(-0.9810457122238445, -0.9625537229182111, 0.16198729947318702)
(-0.9778123830003143, -0.9643360209086403, 0.15599384258415072)
(-0.9691271660932679, -0.9696584925231159, 0.16054381139290075)
(-0.9622544212754041, -0.9740414795783108, 0.15758536259292444)
(-0.9574074352502742, -0.978600146451065, 0.15641202683764832)
(-0.9398371576988722, -0.986500503121255, 0.16406280572372478)
(-0.9384676579194862, -0.9887700704727906, 0.1556025446849547)
(-0.9283828681292365, -0.9958831860567039, 0.1544862799416018)
(-0.9148454164585238, -1.0016237927394034, 0.1618503395098383)
(-0.9072610242595129, -1.0067677355803923, 0.15962028986064203)
(-0.9012571492822634, -1.0120030388852044, 0.1563011954790161)
(-0.896224511620914, -1.0180184846641835, 0.15856346865787563)
(-0.8938801618687502, -1.0220576577793774, 0.15151104578454566)
(-0.8784305450042009, -1.0288044683712267, 0.15930347561907654)
(-0.8748930354315252, -1.0336567515958415, 0.1568173179076744)
(-0.864945237402539, -1.039673688871975, 0.16307400721729537)
(-0.8604682467949862, -1.0453250435206276, 0.1557214641691873)
(-0.8588065352156347, -1.0470329848726958, 0.15040466310734124)
(-0.8521886971801216, -1.0490805192250814, 0.15769584852875007)
(-0.8503164022656493, -1.04744840574359, 0.15533122118839748)
(-0.8464652793616831, -1.0482412539257226, 0.16084894869959898)
(-0.8452471922180984, -1.049299613826423, 0.15731673621979647)
(-0.8452471922180984, -1.049299613826423, 0.15731673621979647)
(-0.8359792057309159, -1.0536940467159939, 0.1613679546140232)
(-0.8298702094346064, -1.0569638114437252, 0.16782731216671998)
(-0.8238886150188531, -1.0585262664111683, 0.16149189319936008)
(-0.8209240412650411, -1.0613263092534035, 0.16242452788678996)
(-0.8144848639165727, -1.0653127630339954, 0.16006753834861964)
(-0.806825040943421, -1.0681239661381012, 0.16133449831924507)
(-0.8011771682618485, -1.0732600108218524, 0.1645976022417477)
(-0.7918724368713084, -1.0780723102245793, 0.16432566368391122)
(-0.7845010279562501, -1.0802556443710158, 0.16523922074183006)
(-0.7820585930404145, -1.0839969477630431, 0.15921524570924395)
(-0.7677262230777553, -1.0902897760847592, 0.16714012315536286)
(-0.7647131393197553, -1.093952589740759, 0.1585081573752094)
(-0.7557384779932195, -1.100393442129011, 0.16188534586597814)
(-0.7463406612946248, -1.1055968672615517, 0.163134961781634)
(-0.7417360614432658, -1.1097401957886481, 0.15863066647111523)
(-0.721880321769945, -1.1213536028629436, 0.16430195388580193)
(-0.721880321769945, -1.1213536028629436, 0.16430195388580193)
(-0.7136390974223519, -1.1252364364213072, 0.1613566179761321)
(-0.702057177259239, -1.1311659033724024, 0.17074660768749994)
(-0.6950192984535468, -1.1352937645703531, 0.16807286359234075)
(-0.6906716333869212, -1.1408968890062194, 0.16453421343818642)
(-0.6878710120146698, -1.1443934822724076, 0.15482162525621201)
(-0.6762630610355282, -1.1506295161781983, 0.1617292135542563)
(-0.6693666865412446, -1.1561254912426655, 0.15869839527409768)
(-0.6602554776596943, -1.1600989022466632, 0.16156171979005785)
(-0.6542411900350191, -1.1664482117926809, 0.15603023402848648)
(-0.6451907314163718, -1.171505238558789, 0.16126299956010515)
(-0.63843240724476, -1.1767545801270725, 0.15861378675909377)
(-0.6324788723837, -1.1817005397664078, 0.16056897267647985)
(-0.6217278943171864, -1.189314170073475, 0.1652895207986993)
(-0.6171830439277446, -1.1939947076673318, 0.16106117362008843)
(-0.6073374682465045, -1.1997836933553558, 0.1588530277984892)
(-0.5987100361972877, -1.2063783858194128, 0.16105843592059532)
(-0.5924454501961776, -1.2122764702469395, 0.15632201957955338)
(-0.585154278283909, -1.2177870281047438, 0.15181145675643726)
(-0.5786515252025843, -1.2239716850527578, 0.1572947718624853)
(-0.561820983839064, -1.2248094436778447, 0.17814596211955047)
(-0.5699412612825421, -1.2233309215981631, 0.16328584757875686)
(-0.5630745714505558, -1.2248827823658348, 0.16435395857402546)
(-0.5617252624218267, -1.2287957816481763, 0.1691205439128085)
(-0.5613491060134845, -1.2317809414284797, 0.1637296262733403)
(-0.5508421028852468, -1.233865123642051, 0.16364105730663825)
(-0.5439817455528198, -1.237362698406198, 0.16616692750227724)
(-0.5444756192644358, -1.241957505113979, 0.161950298237439)
(-0.5332696754717023, -1.246069314111371, 0.16741390897250796)
(-0.5292203707026195, -1.2497915960438883, 0.1622246711146076)
(-0.5188208393664171, -1.2529975045531054, 0.16249857059864414)
(-0.5074262029334902, -1.2583006447223133, 0.16712303043679988)
(-0.5053214942418411, -1.2632338493877877, 0.16380829797656338)
(-0.500235529467135, -1.2693990662604877, 0.16120592844699932)
(-0.4885972855241896, -1.2731366390630137, 0.16866738804029513)
(-0.48516063111211793, -1.2771315926707456, 0.15793348289450293)
(-0.472717112502941, -1.2833243089304907, 0.16548583448316823)
(-0.46641020490064156, -1.288137577264579, 0.16394824406128983)
(-0.460853795444941, -1.2944515010151503, 0.16881890658003984)
(-0.4501784593500626, -1.3006944363629258, 0.16825557604098185)
(-0.43100702647808475, -1.312988308694757, 0.16691470502834083)
(-0.4273652421500169, -1.3182043226824343, 0.16211881802052464)
(-0.4170389826041232, -1.3243485348427697, 0.16222787304784392)
(-0.4170389826041232, -1.3243485348427697, 0.16222787304784392)
(-0.413037626989023, -1.3281887780288004, 0.165041582226239)
(-0.4127351376189903, -1.327377993985368, 0.16601997657181466)
(-0.40977402350155834, -1.3278154086248435, 0.16799528252911755)
(-0.4117069025610558, -1.328385545609105, 0.1659237547630883)
(-0.4104336156287458, -1.3279798169559962, 0.16767489888851594)
(-0.41492473414418196, -1.3271572916996794, 0.1580712251869696)
(-0.41492473414418196, -1.3271572916996794, 0.1580712251869696)
(-0.41519765675955433, -1.3275765742703243, 0.1625739285518477)
(-0.41519765675955433, -1.3275765742703243, 0.1625739285518477)
(-0.4133809103943, -1.32808798109689, 0.16398381016795693)
(-0.4093123304623283, -1.3278344723624032, 0.16686384658186904)
(-0.412574482706334, -1.3288026167385019, 0.16745443826535178)
(-0.4115324926448012, -1.328341301022133, 0.16837528736583396)
(-0.41432784954280244, -1.3276431525646644, 0.1623452814434252)
(-0.4157060010721241, -1.3274173067054713, 0.1581811515554714)
(-0.41200034561861076, -1.3279435060561482, 0.16516927628395273)
(-0.41612658358121846, -1.3281079041243924, 0.1619684639964989)
(-0.4109403246916923, -1.3283223480839297, 0.16791109239570656)
(-0.41250843730347686, -1.3274750430929179, 0.16579971296523266)
(-0.41156254006740367, -1.3287365168717855, 0.16595825126100205)
(-0.41440210175390346, -1.3271049511931658, 0.16178189217105743)
(-0.41204637393981236, -1.328179008846536, 0.16782563358936908)
(-0.4147432887288631, -1.3267645594608144, 0.1610684037707686)
(-0.4147432887288631, -1.3267645594608144, 0.1610684037707686)
(-0.4117023095186181, -1.3276947717562695, 0.1656980005424371)
(-0.41499144194750914, -1.3290810236323534, 0.16457522462284224)
(-0.41121433269019914, -1.3282973786041608, 0.16793400788054358)
(-0.41121433269019914, -1.3282973786041608, 0.16793400788054358)
(-0.41155652103348195, -1.3286759386493108, 0.17414316071154068)
(-0.41155652103348195, -1.3286759386493108, 0.17414316071154068)
(-0.4171861468590288, -1.328240706106877, 0.16190295787454856)
(-0.4134652184534293, -1.327131216406361, 0.16013701713777162)
(-0.41194073432482137, -1.3277554083468117, 0.16714326043741923)
(-0.41194073432482137, -1.3277554083468117, 0.16714326043741923)
(-0.4134021626202209, -1.3272652909113405, 0.16126786407676263)
(-0.4118633636026299, -1.3272896868324322, 0.16705479354817343)
(-0.40944679791616734, -1.3282437104838443, 0.16710481294570023)
(-0.40944679791616734, -1.3282437104838443, 0.16710481294570023)
(-0.4122181937264311, -1.3280614380096616, 0.16736033312884024)
(-0.4151421088699072, -1.326974917498542, 0.15846426573001215)
(-0.4139360854464349, -1.3276146519635024, 0.16121970929169094)
(-0.41570217437946, -1.3278573711598922, 0.1603870468806361)
(-0.41570217437946, -1.3278573711598922, 0.1603870468806361)
(-0.415732702942593, -1.3273837659952537, 0.16072358020720912)
(-0.4145065281452105, -1.3275010041713018, 0.16275518311754933)
(-0.4139127513410279, -1.3277271638637567, 0.16230871857614027)
(-0.41480941412526096, -1.3275578439630333, 0.15835673897601543)
(-0.41227487975173993, -1.327509311190541, 0.16463109419247646)
(-0.41579082174034543, -1.3272164888149125, 0.15634629252758714)
(-0.41579082174034543, -1.3272164888149125, 0.15634629252758714)
(-0.414487312010712, -1.327845128878757, 0.16476026488277773)
(-0.41196228870124685, -1.327562868778791, 0.16462037116185302)
(-0.41132380653435874, -1.3284479923180625, 0.16793452889187765)
(-0.41132380653435874, -1.3284479923180625, 0.16793452889187765)
(-0.4128203307686249, -1.328340088905215, 0.165972190052474)
(-0.41276203490262864, -1.3279985560086578, 0.1660034907681558)
(-0.413808519449546, -1.3278759667407, 0.16498431585493223)
(-0.413808519449546, -1.3278759667407, 0.16498431585493223)
(-0.41060629031406104, -1.3281389801219292, 0.16833273676705018)
(-0.41137992105918464, -1.328519405882951, 0.16903088252210252)
(-0.41217074462366954, -1.328155375488521, 0.16427824209346853)
(-0.41270293106169587, -1.3280319768945705, 0.16522933317115784)
(-0.4124775253883748, -1.3290195790816854, 0.16834943985018191)
(-0.4124775253883748, -1.3290195790816854, 0.16834943985018191)
(-0.4146959397189014, -1.3277853387359126, 0.16373085139159294)
(-0.41402779730841655, -1.3275975108321805, 0.16365611869256025)
(-0.41402779730841655, -1.3275975108321805, 0.16365611869256025)
(-0.4131111567385686, -1.3279793807501203, 0.16376758733390684)
(-0.4110836521592458, -1.3271443331242283, 0.16594038881695394)
(-0.4110836521592458, -1.3271443331242283, 0.16594038881695394)
(-0.41099347103524386, -1.3281730519630228, 0.16632196371990982)
(-0.41099347103524386, -1.3281730519630228, 0.16632196371990982)
(-0.41121004167853314, -1.3288427765888047, 0.1709234277377436)
(-0.41121004167853314, -1.3288427765888047, 0.1709234277377436)
(-0.4145969211890228, -1.3274331604346028, 0.16251955143064967)
(-0.41459692118902236, -1.3274331604346026, 0.1625195514306499)
(-0.4150734643417606, -1.3274154318257785, 0.15936021542529755)
(-0.41130939792722776, -1.3282952903254697, 0.1669029141949414)
(-0.4158086119442046, -1.3285488562901113, 0.16330944953863202)
(-0.41337158929130613, -1.3279918401178883, 0.16284611744700683)
(-0.4143792550821339, -1.3274916719071888, 0.16448658643371905)
(-0.416161581878955, -1.3274113103614738, 0.15694655035991967)
(-0.41380999819857567, -1.3275973465085977, 0.16272461011708272)
(-0.41380999819857567, -1.3275973465085977, 0.16272461011708272)
(-0.41326936537818515, -1.3275693738184549, 0.16267016150183666)
(-0.4117576784712871, -1.3282320467902875, 0.16662266785029511)
(-0.41205799495638074, -1.327982720394715, 0.16703458653121084)
(-0.4125656796380499, -1.3270820011020275, 0.1618535288974492)
